"Station"	"Season"	"MT5"	"MT95"	"MTX5"	"MTX95"	"MTN5"	"MTN95"	"RRR5Y"	"FF5Y"
50136	"winter"	0	12.55	0.1	17.7	0	11.64	104.52	7.27
50136	"spring"	0.05	17.96	0.1	21.24	0.1	17.74	172.23	9.23
50136	"summer"	0	7.45	0	10.8	0	12.2	98.73	6.96
50136	"autumn"	0.05	23.11	0.1	21.86	0	20.35	42.01	7.12
50353	"winter"	0.05	10.72	0	15.03	0	11.7	14.13	11.85
50353	"spring"	0.05	20.08	0.1	20.44	0	19.87	66.3	13.47
50353	"summer"	0	7.25	0	8.4	0	10.69	103.41	8.39
50353	"autumn"	0.05	22.69	0	18.9	0.1	23.61	36.27	9.56
50434	"winter"	0.05	12.62	0.1	17.8	0	16.71	7.74	6.02
50434	"spring"	0.05	19.45	0.1	22.2	0	21.85	30.14	10.37
50434	"summer"	0.05	7.5	0	11.8	0	11.59	145.93	5.51
50434	"autumn"	0.05	22.59	0.06	21.31	0	24.87	40	6.67
50468	"winter"	0.05	9.51	0	11.73	0	11.03	39.61	9.13
50468	"spring"	0.05	16.76	0.1	17.7	0.1	17.19	53.17	14.09
50468	"summer"	0.05	7.04	0	8.6	0	10.59	128.96	7.07
50468	"autumn"	0.05	20.62	0	17.95	0	21.53	198.77	8.22
50527	"winter"	0.05	11.67	0	12.73	0	13.43	12.22	10.93
50527	"spring"	0.05	19.76	0	19.72	0.1	24.99	26.4	14.04
50527	"summer"	0	7.34	0	8.69	0	10.59	130.44	10.3
50527	"autumn"	0.05	20.69	0	19.43	0	20.9	129.8	10.78
50557	"winter"	0.05	9.67	0	14.13	0	10.66	35.35	8.43
50557	"spring"	0.05	16.78	0	19	0	16.62	26.67	13.98
50557	"summer"	0.05	6.59	0	9.39	0	9.99	140.73	10.61
50557	"autumn"	0.05	21.34	0	18.9	0	21.31	112.22	10.98
50564	"winter"	0.05	9.85	0	13.6	0	11.04	49.88	7.16
50564	"spring"	0.05	15.84	0.1	18.12	0.1	17.6	36.6	12.28
50564	"summer"	0.05	6.9	0	9.4	0	10.19	165.5	8.76
50564	"autumn"	0.05	22.41	0	19.85	0	23.62	64.04	8.78
50603	"winter"	0.05	10.27	0.1	11.23	0	13.23	16.84	11.9
50603	"spring"	0.05	18.39	0	16.7	0.1	20.73	78.95	14.35
50603	"summer"	0	7.8	0	8.59	0	11.89	139.29	12.59
50603	"autumn"	0.05	19.58	0	19.01	0.1	20.27	57.49	11.54
50632	"winter"	0.05	11.02	0	10.5	0.1	16.88	7.68	9.92
50632	"spring"	0	14.51	0.1	15.85	0.1	22.04	185.97	12.22
50632	"summer"	0	7.04	0	9.59	0	11.69	137.43	8.18
50632	"autumn"	0.05	18.47	0	15.78	0	19.86	92.58	9.69
50658	"winter"	0.05	9.92	0	12.2	0	10.67	12.31	8.77
50658	"spring"	0.05	16.94	0	18.97	0	18.45	78.02	10.57
50658	"summer"	0.05	6.8	0	7.6	0	9.21	163.99	8.29
50658	"autumn"	0.05	23.42	0.05	23.15	0	19.9	96.47	12.02
50727	"winter"	0.05	14.14	0	16.1	0.02	20.48	8.31	9.99
50727	"spring"	0.05	21.9	0.1	19.19	0.1	25.31	109.38	11.33
50727	"summer"	0.05	8.13	0	11.33	0	12.07	164.23	7.55
50727	"autumn"	0.05	22.38	0.1	18.19	0.05	26.75	61.05	10.73
50745	"winter"	0.05	9.64	0	11.4	0	10.8	55.02	7.81
50745	"spring"	0.05	18.52	0.06	18.9	0.1	19.44	159.52	11.78
50745	"summer"	0.05	7.45	0	7.6	0.1	9.5	191.26	8.44
50745	"autumn"	0.05	18.28	0.1	21.64	0	16.64	127.84	9.31
50756	"winter"	0.05	11.18	0	12.96	0	12.56	9.44	6.95
50756	"spring"	0.05	15.95	0.08	16.86	0.1	17.03	39.79	11.46
50756	"summer"	0	6.35	0	7.6	0	8.9	117.32	9.19
50756	"autumn"	0.05	23.4	0.05	22.67	0	21.29	143.93	13.59
50774	"winter"	0.05	12.23	0.1	17.7	0	11.91	15.84	7.22
50774	"spring"	0.05	15.26	0.1	18.03	0	18.24	58.86	12.11
50774	"summer"	0	6.65	0	9	0	9.9	163.06	9.99
50774	"autumn"	0.05	25.46	0.1	24.49	0	22.34	160.47	7.13
50788	"winter"	0.05	10.6	0.1	12.4	0	11.1	26.12	12.97
50788	"spring"	0.05	16.04	0	16.91	0	18.61	98.02	10.12
50788	"summer"	0	6.36	0	6.4	0	9.2	171.48	9.51
50788	"autumn"	0.05	26.2	0	26.87	0.05	22.27	63.97	12.09
50844	"winter"	0.05	10.52	0	12.4	0	11.43	7.98	9.26
50844	"spring"	0.05	18.8	0	17.57	0	19.1	42.65	10.39
50844	"summer"	0	7.35	0	7.5	0	10.4	156.41	7.68
50844	"autumn"	0.05	20.02	0.06	21.7	0	19.1	130.89	11.03
50854	"winter"	0.02	10.81	0.05	12.6	0	11.83	9.35	7.87
50854	"spring"	0.05	15.35	0	15.11	0.1	18.47	103.39	9.74
50854	"summer"	0	6.25	0	7.9	0	9.3	139.14	7.39
50854	"autumn"	0.05	21.92	0.05	22.66	0.1	20.39	146.26	11.06
50888	"winter"	0.05	11.25	0	13.16	0	12.96	40.79	10.85
50888	"spring"	0.05	14.43	0	15.75	0.1	16.82	50.25	12.91
50888	"summer"	0.05	7.4	0	7.9	0	10	73.66	8.66
50888	"autumn"	0.05	22.94	0.1	22.55	0.1	21.24	79.52	11.88
50915	"winter"	0.05	13.31	0.1	13.46	0	19.76	5.66	9.26
50915	"spring"	0.05	17.6	0.1	16.39	0.1	23.01	86.46	12.23
50915	"summer"	0.05	8.95	0	9.1	0	12.9	105.74	11.81
50915	"autumn"	0	20.31	0.1	21.22	0.1	23.66	66.37	9.68
50949	"winter"	0.05	11.45	0.1	14.01	0	12.7	29.46	7.06
50949	"spring"	0.05	13.92	0	14.9	0.1	18.18	128.55	8.72
50949	"summer"	0.05	6.55	0	7.2	0	9.1	138.82	6.49
50949	"autumn"	0.05	18.24	0	21.24	0	19.77	182.71	7.27
50953	"winter"	0.05	11.45	0	13	0	13.5	65.41	7.37
50953	"spring"	0.05	15.83	0.1	18	0	18.64	69.69	10.1
50953	"summer"	0.05	6.75	0	7.6	0	8.8	153.84	6.58
50953	"autumn"	0.05	22.88	0	23.48	0	20.36	177.94	9.4
50963	"winter"	0.05	11.1	0.1	14.7	0	12.7	14.79	11.87
50963	"spring"	0.05	15.82	0	18.4	0	18.63	44.61	11.88
50963	"summer"	0	6.3	0	7.7	0	9.2	161.23	13.02
50963	"autumn"	0.05	26.88	0	28.3	0	22.18	63.35	10.8
50968	"winter"	0.05	12.2	0.1	15.9	0	13.72	30.01	11.22
50968	"spring"	0.05	14.78	0	18.1	0.1	16.1	81.91	8.7
50968	"summer"	0	6.2	0	7.3	0	9.2	140.56	7.09
50968	"autumn"	0.05	24.67	0	25.19	0	19.85	142.81	8.24
50978	"winter"	0.05	10.67	0.1	11.3	0	12.97	27.13	14.69
50978	"spring"	0.05	14.88	0	13.25	0.08	17.52	67.66	13.23
50978	"summer"	0.05	6.35	0	7	0	9.5	120.91	10.35
50978	"autumn"	0.05	23.83	0	24.07	0	20.95	196.47	12.44
50983	"winter"	0.05	10.83	0	12.26	0	12.6	41.49	8.84
50983	"spring"	0	13.82	0	15.96	0	14.35	146.2	10.26
50983	"summer"	0	5.75	0	6.3	0	8.3	126.83	7.42
50983	"autumn"	0.05	25.41	0.1	25.99	0	21.9	106.21	10.59
51087	"winter"	0.05	13.61	0	16.85	0	11.66	33.89	8.81
51087	"spring"	0.05	18.11	0	17.1	0	17.21	40.2	10.51
51087	"summer"	0	7.35	0	7.6	0.1	10.6	39.74	8.81
51087	"autumn"	0.05	19.98	0	17.17	0	22.37	89.28	8.74
51288	"winter"	0.05	10.47	0	11.01	0.1	11.3	11.69	7.35
51288	"spring"	0.05	16.67	0	15.31	0.1	18	25.89	12.5
51288	"summer"	0.05	8.75	0	8.6	0	10.9	45.5	7.95
51288	"autumn"	0.05	16.77	0	16.15	0.1	17.76	41.15	8.83
51379	"winter"	0.05	10.04	0	15.15	0	11.59	37.82	5.19
51379	"spring"	0.05	17.48	0.07	19.22	0.1	19.45	61.53	8.72
51379	"summer"	0.05	6.66	0	7.8	0.1	11.42	97.47	6.78
51379	"autumn"	0.05	18.07	0	15.55	0	19.5	26.77	6.57
51495	"winter"	0	10.16	0	11.07	0	10.31	4.2	29.76
51495	"spring"	0.05	16.11	0	15.51	0.1	15.91	53.62	31.64
51495	"summer"	0.05	9.45	0	9.4	0	12	45.18	28.16
51495	"autumn"	0	18.35	0	15.3	0	19.98	12.8	26.35
51573	"winter"	0	10.86	0	9.2	0	12.29	18.53	4.66
51573	"spring"	0.05	16.66	0	15.03	0	16.6	16.73	8.93
51573	"summer"	0	6.46	0	7.5	0	9.1	23.26	5.82
51573	"autumn"	0	15.18	0	21.33	0	14.63	17.6	4.89
51886	"winter"	0.05	6.99	0	8.4	0	8.59	5.6	8.09
51886	"spring"	0	11.74	0	11.2	0	11.61	17	15.84
51886	"summer"	0	5.7	0	6.9	0	9.2	22.01	7.36
51886	"autumn"	0	16.37	0	15.18	0	14.2	60.85	13.35
52203	"winter"	0	8.5	0	10.77	0	9.2	51.27	4.36
52203	"spring"	0.05	15.23	0	14.17	0	17.22	46.05	7.35
52203	"summer"	0.05	6.6	0	8.4	0	11.1	19.49	6.64
52203	"autumn"	0	19.33	0	15.18	0	19.62	42.97	6.14
52323	"winter"	0.05	9.54	0	12.25	0	12.1	3.9	14.52
52323	"spring"	0.05	14.72	0.1	15.3	0	17.06	57.12	14.82
52323	"summer"	0.05	7.4	0	7.8	0	11.1	27.56	11.03
52323	"autumn"	0.05	16.01	0	14.96	0	17.4	34.86	13.25
52418	"winter"	0	8	0	10.56	0	10.48	7.74	11.37
52418	"spring"	0.05	14.42	0	13	0	16.6	38.53	13.44
52418	"summer"	0	6.66	0	8.2	0	11.11	42.66	7.14
52418	"autumn"	0	16.71	0	14.93	0	20.26	7.4	8.11
52436	"winter"	0.05	8.85	0.1	10.85	0	11.9	6.85	9.35
52436	"spring"	0.05	14.61	0.06	13.84	0	16.83	43.28	11.63
52436	"summer"	0.05	6.25	0	8.2	0	10.61	100.9	7.82
52436	"autumn"	0.05	17.66	0	14.83	0	17.68	39.17	8.61
52495	"winter"	0.05	11	0.1	13.61	0	12.68	6	11.2
52495	"spring"	0.05	16.7	0.1	15.25	0.1	16.92	65.54	13.2
52495	"summer"	0.05	7.3	0.1	8.2	0	10.3	45.44	10.33
52495	"autumn"	0.05	18.16	0	18.49	0.07	16.15	63.67	10.26
52533	"winter"	0.05	8.68	0	10	0	11.09	9.72	7.12
52533	"spring"	0.05	14.69	0.08	13.29	0	15.81	59.56	9.79
52533	"summer"	0.05	6.35	0	7.6	0	10.01	109.61	5.83
52533	"autumn"	0.02	17.09	0	14.75	0	16.83	39.47	6.9
52602	"winter"	0.05	6.49	0	11.15	0	8.29	3.3	13.49
52602	"spring"	0.05	11.38	0	13.46	0	13.22	36.55	13.73
52602	"summer"	0.05	5.7	0.1	8.9	0	8.6	50.49	10.4
52602	"autumn"	0.05	15.95	0	16.59	0	15.02	11.3	10.2
52652	"winter"	0.05	8.9	0	10.56	0	14.76	3.9	7.93
52652	"spring"	0.05	13.21	0	11.66	0	16.5	51.75	8.19
52652	"summer"	0	6.9	0	7.7	0.1	11.3	55.68	7.05
52652	"autumn"	0	15.72	0	16.31	0.1	14.8	41.79	6
52681	"winter"	0.05	9.55	0.1	10.25	0.01	12.7	9.26	8.43
52681	"spring"	0.05	14.54	0	12.46	0.09	16.6	28.86	9.76
52681	"summer"	0.05	7.65	0	7.2	0	11.3	74.28	7.45
52681	"autumn"	0.05	14.35	0	16.3	0	14.76	42.28	8.47
52737	"winter"	0.05	7.95	0	9.05	0	9.7	6.5	5.53
52737	"spring"	0.03	10.39	0	11.73	0.1	12.01	94.1	5.51
52737	"summer"	0.05	7.45	0	7.31	0.1	10.01	56.91	6.43
52737	"autumn"	0.05	13.34	0	12.12	0	14.04	24.51	4.43
52787	"winter"	0.05	10.15	0	9.6	0	13.5	19.64	14.13
52787	"spring"	0.05	12.93	0	12.67	0.1	15.22	24.61	14.05
52787	"summer"	0	6.5	0	5.7	0	9.3	50.27	13.33
52787	"autumn"	0.05	12.3	0	12.48	0.1	13.9	42.14	11.44
52818	"winter"	0.05	6.6	0	7.9	0	9.9	4.69	5.04
52818	"spring"	0.05	12.01	0	11.27	0	13.4	19.2	7.83
52818	"summer"	0.05	6.65	0	7.3	0	9.9	23.99	6.54
52818	"autumn"	0	14.33	0	13.35	0	14.39	13.68	5.13
52866	"winter"	0	6.64	0	9.4	0.02	11.45	15.63	7.83
52866	"spring"	0.05	10.25	0	10.74	0.1	13.8	41.69	5.77
52866	"summer"	0	5.85	0	6.5	0	11.2	78.27	4.89
52866	"autumn"	0	13.83	0	13.11	0	12.19	72.71	5.55
52996	"winter"	0.05	9.4	0	9.4	0.1	11.19	13.93	14.16
52996	"spring"	0.05	11.98	0	11.14	0.1	14.44	48.16	14.21
52996	"summer"	0	6.6	0	6	0	9.5	107.89	13.52
52996	"autumn"	0.05	11.92	0	11.55	0	12.41	49.34	12.69
53068	"winter"	0.05	12.64	0.1	12.3	0	14.2	35	12.74
53068	"spring"	0.05	18.8	0.08	15.32	0.1	18.45	20.19	13.52
53068	"summer"	0.05	8.8	0	8.6	0	11.4	74.73	10.6
53068	"autumn"	0.05	19.68	0.1	20.56	0.1	18.74	62.22	13.37
53083	"winter"	0.05	11.8	0	12.26	0	17.2	58.73	13.42
53083	"spring"	0.05	17.56	0.1	16.77	0.1	19.68	39.64	13.19
53083	"summer"	0.05	7.7	0	8	0	11.2	109.98	11.24
53083	"autumn"	0.05	20.29	0	21.96	0	20.46	63.45	10.28
53149	"winter"	0.05	12.07	0	12.51	0.1	14.35	10.37	13.47
53149	"spring"	0.05	17.64	0	16.62	0.1	20.5	44.59	12.86
53149	"summer"	0.05	8.65	0	8.6	0	11.3	43.82	10.91
53149	"autumn"	0	17.29	0	16.59	0.06	19.47	106.8	14.2
53192	"winter"	0.05	12.5	0.1	13.61	0.1	14.92	12.83	17.51
53192	"spring"	0.05	17.84	0	17.3	0.1	20.87	53.22	16.48
53192	"summer"	0.05	8	0	8.2	0	11.4	144.91	10.46
53192	"autumn"	0.05	20.98	0	20.7	0.1	19.2	172.46	13.5
53231	"winter"	0.05	11.77	0.1	13.01	0	13.7	7.1	15.46
53231	"spring"	0.1	16.45	0.1	14.83	0.1	18.05	54.99	15.65
53231	"summer"	0.05	8.05	0	8.7	0	10.2	44.22	12.35
53231	"autumn"	0.05	18.61	0	16.47	0.1	17.42	20.7	13.22
53276	"winter"	0.05	13.47	0.1	13.8	0	15.8	7.3	14.14
53276	"spring"	0.1	17.1	0.1	17.38	0.1	19.97	21.78	13.4
53276	"summer"	0.05	7.95	0	8.5	0	11.1	197.73	11.15
53276	"autumn"	0.05	16.7	0.1	16.7	0	19	51.31	12.04
53336	"winter"	0.05	10.38	0.1	11.4	0	12.33	12.98	11.08
53336	"spring"	0.05	17.55	0.1	13.68	0	17.14	98.13	11.25
53336	"summer"	0.05	6.9	0	7.5	0	9.5	86.48	8.85
53336	"autumn"	0.02	18.2	0	18.12	0	18.76	87.48	8.33
53352	"winter"	0.05	11.65	0.1	13.85	0.1	14.3	9.19	7.87
53352	"spring"	0.05	17.43	0.1	16.1	0.1	20.74	30.39	10.54
53352	"summer"	0.05	7.5	0	8.5	0	10.6	125.91	7.56
53352	"autumn"	0.05	15.99	0.1	15.96	0	19.9	107.8	10.37
53391	"winter"	0.05	13	0	12.1	0.1	15.37	67.15	12.35
53391	"spring"	0.05	17.51	0.06	15.84	0.1	19.3	25.65	13.93
53391	"summer"	0	6.75	0	7	0	10.5	131.1	7.57
53391	"autumn"	0.05	16.36	0	15.79	0	17.61	53.04	10.07
53463	"winter"	0	11.19	0	11.66	0	12.38	79.06	12.82
53463	"spring"	0.05	14.28	0	13.04	0.1	17.34	35.96	9.09
53463	"summer"	0	6.25	0	7	0	9.7	117.25	6.42
53463	"autumn"	0.05	14.79	0	18.78	0	13.96	163.05	9.92
53480	"winter"	0.05	11.57	0	12.26	0	14.63	8.17	10.41
53480	"spring"	0.05	17.28	0	15.33	0.1	18.8	48.62	12.46
53480	"summer"	0	6.15	0	7.6	0	10.1	130.54	12.15
53480	"autumn"	0.05	15.61	0	16.39	0.1	16.58	71.57	8.91
53502	"winter"	0.05	10.83	0	12.27	0	12.46	7.4	9.93
53502	"spring"	0.05	12.73	0.07	14.86	0.1	15.81	80.7	11.95
53502	"summer"	0.05	6.85	0	7.7	0	10.5	43.8	8.35
53502	"autumn"	0	17.86	0.1	19.16	0	15.57	22.88	10.02
53513	"winter"	0.05	10.4	0	11.26	0	11.5	7.8	8.87
53513	"spring"	0.05	16.92	0	14.83	0.1	17.2	115.57	8.12
53513	"summer"	0	6.7	0	6.9	0	9.5	148.06	5.3
53513	"autumn"	0.05	18.62	0	17.15	0	16.9	74.31	7.2
53529	"winter"	0.05	11.12	0.04	12.61	0.1	12.9	47.67	8.06
53529	"spring"	0.05	14.89	0	14.4	0.1	16.11	72.87	8.72
53529	"summer"	0	7.15	0	8.2	0	10	87.17	8.51
53529	"autumn"	0.05	16.41	0	16.62	0.1	15.79	64.07	8.07
53543	"winter"	0.05	12.4	0	12.35	0	13.09	26.92	8.45
53543	"spring"	0.05	14.98	0	13.93	0.09	16.64	64.66	8.21
53543	"summer"	0.05	7.25	0	6.8	0	9.7	148.84	7.37
53543	"autumn"	0.05	15.34	0	15.2	0	15.5	90.12	7.03
53564	"winter"	0.05	11.13	0	14.06	0.1	11.31	14.43	6.01
53564	"spring"	0.05	13.49	0.1	12.83	0	17.01	28.59	7.31
53564	"summer"	0	6.05	0	7.5	0	10.5	167.1	6.47
53564	"autumn"	0.02	17.35	0	14.79	0	15.17	43.29	5.78
53588	"winter"	0.05	11.95	0.1	13.46	0	12.3	36.06	21.78
53588	"spring"	0.05	15.94	0.1	14.6	0.1	16.04	44.52	20.9
53588	"summer"	0	5.94	0	5.79	0	8.49	179.93	21.77
53588	"autumn"	0.05	12.21	0	12.68	0	14.23	130.21	19.34
53593	"winter"	0.05	10.64	0	11.9	0	12.68	21.01	6.84
53593	"spring"	0.05	13.96	0	13.23	0.1	18.2	97.01	7.3
53593	"summer"	0	6.2	0	7	0.1	9.9	98.94	5.33
53593	"autumn"	0	17.53	0	16.29	0.1	16	46.65	5.33
53614	"winter"	0.05	9.95	0	10.38	0	11.79	8	6.53
53614	"spring"	0.05	13.8	0	12.42	0.1	14.53	42.06	8.69
53614	"summer"	0	5.65	0	6.5	0	9.2	184.42	6.08
53614	"autumn"	0	15.2	0	16.25	0	14.66	53.14	7.38
53646	"winter"	0.05	11.06	0	12.5	0	11.51	24.79	7.35
53646	"spring"	0.05	13.51	0	12.35	0	15.26	33.29	9.16
53646	"summer"	0	6.6	0	6.7	0	9.5	157.72	6.92
53646	"autumn"	0	15.63	0	15.13	0	14.63	121.63	7.14
53673	"winter"	0	9.2	0	9.9	0	11.6	10.8	8.1
53673	"spring"	0.05	13.99	0.1	13.31	0	15.47	46.19	7.48
53673	"summer"	0.05	6.15	0	6.11	0	10.4	114.75	5.71
53673	"autumn"	0	16.68	0	15.73	0	14.26	98.67	7.34
53698	"winter"	0.03	7.46	0	8.22	0	10.57	14.9	5.49
53698	"spring"	0.05	11.08	0	11.86	0.1	13.92	43.05	8.8
53698	"summer"	0	6.6	0	6	0	10.3	234.86	4.73
53698	"autumn"	0.05	13.63	0	15.37	0	13.18	139.5	5.15
53705	"winter"	0.05	9.2	0	9.56	0.1	11.58	10.63	9.11
53705	"spring"	0.05	13.29	0.1	13.32	0.09	15.2	22.99	10.99
53705	"summer"	0.05	6.9	0	8.1	0	10.9	73.89	8.33
53705	"autumn"	0.05	13.87	0	14.32	0	14.89	73.44	8.57
53723	"winter"	0.05	10.37	0	12.9	0.1	12.7	50.89	8.1
53723	"spring"	0.05	12.36	0.1	13.46	0.1	15.71	43.48	8.86
53723	"summer"	0	6.65	0.1	8.3	0	10.9	157.41	7.31
53723	"autumn"	0.05	15.7	0.1	14.1	0	15.14	32.53	6.78
53764	"winter"	0.05	10.65	0	16.06	0	12.49	29.35	10.14
53764	"spring"	0.05	14.44	0	14.15	0.1	15.84	79.4	5.69
53764	"summer"	0.05	6.2	0	6.3	0	10	169	4.81
53764	"autumn"	0	14.73	0	17.15	0	14.81	101.87	4.38
53772	"winter"	0	8.05	0	9.9	0	10.3	16	8.76
53772	"spring"	0.05	13.39	0	12.62	0	16.41	70.65	7.71
53772	"summer"	0	5.8	0	6.2	0	10.1	126.82	7.1
53772	"autumn"	0.02	15.37	0	13.5	0	14.62	94.04	5.61
53787	"winter"	0	9.14	0	11.93	0	11.77	18.1	6.39
53787	"spring"	0.05	14.38	0.1	12.48	0.1	15.54	54.56	6.81
53787	"summer"	0	5.35	0	6.8	0	9.7	179.84	6.12
53787	"autumn"	0	14.32	0	13.44	0.1	13.84	94.61	5.34
53798	"winter"	0	7.81	0	10.4	0	10.2	20.16	9.85
53798	"spring"	0.05	11.41	0	13.24	0	14.47	183.43	8.32
53798	"summer"	0.05	7.05	0	6.7	0	10.4	231.69	7.54
53798	"autumn"	0.05	11.6	0	12.8	0	11.96	190.62	9.64
53845	"winter"	0.05	8.57	0.1	11.16	0	11.63	13.07	5.97
53845	"spring"	0.05	12.57	0	11.23	0	15.01	56.29	6.44
53845	"summer"	0	5.3	0	6.5	0	9.9	117.98	5.65
53845	"autumn"	0	13.29	0	14.06	0	12.95	65.77	4.41
53863	"winter"	0.05	9.11	0	12.9	0	11.39	10.2	7.44
53863	"spring"	0.05	12.67	0	13	0.1	15.31	142.18	9.11
53863	"summer"	0	6.1	0	6.7	0	10.2	71.19	6.14
53863	"autumn"	0.05	14.15	0	13.31	0	13.12	104.58	7.76
53898	"winter"	0	7.72	0	8.6	0.1	10.95	41.41	7.63
53898	"spring"	0.05	12.48	0	11.69	0.1	14.25	103.56	8.32
53898	"summer"	0	6.55	0	5.8	0	10.2	272.84	6.96
53898	"autumn"	0	11.5	0	13.23	0	12.43	249.07	8.72
53915	"winter"	0.05	7.16	0	9.1	0	10.1	16.95	5.75
53915	"spring"	0	11.09	0	10.18	0	14.6	131.5	6.92
53915	"summer"	0	5.7	0	5.9	0	10	200.14	4.83
53915	"autumn"	0.05	10.68	0	13.17	0	11.13	91.61	6.16
53923	"winter"	0.05	7.44	0	9.47	0	9.5	41.38	5.67
53923	"spring"	0.05	12.18	0	11.35	0	14.01	66.93	6.19
53923	"summer"	0.05	6.2	0	6.2	0	9.5	153.5	5.44
53923	"autumn"	0.05	10.85	0	11.95	0	10.95	77.96	5.95
53959	"winter"	0.03	9.67	0	17.81	0	9.28	17.96	7.72
53959	"spring"	0.05	12.43	0.1	14.91	0.1	14.1	74.34	10.84
53959	"summer"	0.05	7.5	0	8.3	0.1	10.3	161.37	7.76
53959	"autumn"	0	12.49	0	15.28	0	12.55	104.07	7.84
53975	"winter"	0.05	9.78	0	15.9	0	10.79	19.75	8.97
53975	"spring"	0	12.61	0.1	12.82	0.1	14.32	76.01	7.52
53975	"summer"	0	5.3	0	5.6	0	9.9	236.01	7.52
53975	"autumn"	0.05	12.88	0	13.4	0	12.62	92.94	6.91
54012	"winter"	0.05	13.83	0.1	16.4	0	16.13	16.3	15.45
54012	"spring"	0.05	15.58	0.1	18.91	0.1	19.75	77.37	12.87
54012	"summer"	0.05	8.3	0	10.8	0	11.5	154.56	11.81
54012	"autumn"	0.05	18.7	0.1	17.21	0	20.18	29.21	12.63
54026	"winter"	0	8.6	0	9.6	0.1	12.39	292.09	8.06
54026	"spring"	0.05	15.68	0.1	16.11	0.1	17.68	205.94	9.67
54026	"summer"	0	7.4	0	7.2	0	11	202.56	7.69
54026	"autumn"	0.05	17.15	0.1	23.21	0.1	18.69	402.03	6.88
54027	"winter"	0.05	9.44	0.1	11.46	0.1	13.1	5.6	10.1
54027	"spring"	0.05	16.76	0.1	17.14	0	18.26	274.77	18.73
54027	"summer"	0	7.05	0	8.1	0	10	90.62	12.57
54027	"autumn"	0.05	19.91	0	17.3	0	20.79	28.6	10.83
54049	"winter"	0.05	11.45	0.1	12.7	0	13.24	11.23	8.77
54049	"spring"	0.05	15.61	0.1	16.38	0.08	16.62	84.45	10.14
54049	"summer"	0	6.45	0	7.2	0	9.5	158.54	8.02
54049	"autumn"	0.05	21.62	0	19.81	0	19.82	138.91	8.69
54094	"winter"	0.05	11.51	0.1	13.3	0	12.78	26.33	10.04
54094	"spring"	0.05	13.82	0.08	15.95	0.1	15.9	89.68	13.15
54094	"summer"	0	6.25	0	7.1	0	10.2	108.68	9.58
54094	"autumn"	0.05	25.03	0.06	23.64	0	22.49	146.52	9.46
54096	"winter"	0.05	12.02	0.1	12.76	0	14.26	59.36	14.76
54096	"spring"	0	13.68	0	14.95	0.1	15	197.87	13.49
54096	"summer"	0.05	6.3	0	8	0.1	9.5	93.43	12.12
54096	"autumn"	0.05	23.67	0	21.51	0.1	21.99	225.01	13.4
54102	"winter"	0.05	13.31	0.1	14.44	0	16.8	19.33	10.53
54102	"spring"	0.05	18.34	0.1	17.72	0.1	21.07	77.48	11.87
54102	"summer"	0.05	8.85	0	8.7	0	12.1	223.55	11.95
54102	"autumn"	0.05	18.46	0.1	17.68	0.1	20.87	47.17	8.37
54115	"winter"	0.05	10.7	0.1	12.8	0	14.17	8	9.16
54115	"spring"	0.05	15.96	0.1	18.4	0	20.96	82.25	13.78
54115	"summer"	0.05	7.05	0	8.4	0	10.6	220.96	7.73
54115	"autumn"	0.05	17.43	0	17.11	0	20.71	134.83	8.85
54135	"winter"	0.05	10.04	0.05	11.61	0	12.55	5.5	10.46
54135	"spring"	0.04	14.18	0	16.21	0	17.21	81	12.09
54135	"summer"	0	6.55	0	7.2	0	10.2	233.73	9.27
54135	"autumn"	0.05	20.25	0.1	19.18	0	20.33	210.85	10.35
54157	"winter"	0.05	13.04	0.1	15.6	0.1	13.69	17.6	9.23
54157	"spring"	0.05	13.97	0.1	16.23	0.1	15.16	103.76	12.23
54157	"summer"	0	6.1	0	7.5	0	8.1	165.43	7.43
54157	"autumn"	0.05	19.74	0	18.81	0	21.46	84.85	9.77
54161	"winter"	0.05	13.49	0.04	13.6	0.03	17	23.46	11.15
54161	"spring"	0.05	14.49	0.1	16.2	0.1	16.61	120.7	12.36
54161	"summer"	0	6.4	0	7.9	0	8.8	135.03	11.52
54161	"autumn"	0.05	15.97	0.1	18.81	0.1	17.2	201.96	10.3
54186	"winter"	0.05	12.29	0.1	15.1	0	14.37	48.72	7.78
54186	"spring"	0.05	14.96	0	16.43	0.1	15.28	138.92	7.5
54186	"summer"	0.05	5.96	0	7.3	0	9.7	164.28	5.85
54186	"autumn"	0.02	23.08	0	21.85	0.1	21.12	172.31	6.69
54208	"winter"	0.05	12.51	0.1	15.46	0	16.98	23.82	12.16
54208	"spring"	0.05	16.36	0.1	18.24	0.1	20.21	178.23	13.75
54208	"summer"	0.05	6.25	0	8.9	0.1	9.9	275.41	10.66
54208	"autumn"	0.05	18.04	0	20.45	0	17.8	102.52	9.25
54218	"winter"	0.05	10.73	0.1	11.86	0	13.78	8.1	7.64
54218	"spring"	0.05	15.59	0.1	15.5	0.1	18.71	32.1	11.43
54218	"summer"	0.05	7.45	0	7.3	0	11.5	156.63	6.52
54218	"autumn"	0.05	17.17	0	17.66	0	17.31	143.24	8.04
54226	"winter"	0.05	10.69	0.1	12.75	0	13.19	5.71	9.98
54226	"spring"	0.05	15.35	0	16.13	0.1	17.24	77.36	9.77
54226	"summer"	0	6.3	0	7.9	0	9.8	167.55	6.15
54226	"autumn"	0.05	18.24	0	15.46	0.06	18.57	46.89	8.2
54236	"winter"	0.05	10.59	0.04	14.66	0	11.68	30.07	12.55
54236	"spring"	0.05	16	0.1	14.74	0.1	15	143.81	16.15
54236	"summer"	0	5.45	0	6.9	0	8.9	163.49	9.12
54236	"autumn"	0.05	20.69	0	18.99	0	17.77	110.3	13.78
54259	"winter"	0.05	12.94	0	16.58	0	13.48	57.92	5.83
54259	"spring"	0.05	14.66	0.1	14.66	0.1	17.37	53.2	7.62
54259	"summer"	0	5.35	0	7.1	0	9.3	218.84	4.82
54259	"autumn"	0.05	18.35	0.1	20.09	0.1	19.01	108.9	6.86
54292	"winter"	0.05	9.64	0.1	10.76	0	12.78	64.44	12.93
54292	"spring"	0.05	12.18	0.07	13.73	0	15.42	113.26	11.76
54292	"summer"	0	6.35	0	6.2	0	11	170.45	7.47
54292	"autumn"	0.05	20.78	0	21.3	0	19.96	196.33	9.1
54308	"winter"	0.05	9.1	0	11.26	0	12.6	10.6	12.66
54308	"spring"	0.05	14.46	0.07	13.03	0.1	16.4	58.73	10.36
54308	"summer"	0	5.65	0	7.9	0	10.6	170.44	6.94
54308	"autumn"	0.05	19.91	0	17	0	16.32	75.41	16.21
54311	"winter"	0.05	9.79	0.1	10.91	0	12.98	24.27	8.39
54311	"spring"	0.05	16.48	0.1	13.8	0	17.7	33.09	8.28
54311	"summer"	0.05	5.9	0	8	0	10.4	75.21	5.11
54311	"autumn"	0.02	19.77	0	19.32	0	17.31	85.64	6.46
54324	"winter"	0.05	10.24	0.1	12.9	0	11.79	35.92	7.05
54324	"spring"	0.05	13.39	0.1	14.99	0.1	17.3	96.03	9.01
54324	"summer"	0	6.45	0	6.9	0	10.3	144.41	7.35
54324	"autumn"	0.05	18.82	0	17.4	0.06	16.24	57.73	7.59
54337	"winter"	0.05	9.88	0	10.66	0	11.08	26.68	7.67
54337	"spring"	0.05	14.8	0	13.69	0.1	12.9	110.15	8.56
54337	"summer"	0	5.1	0	5.6	0	8.5	227.1	7.78
54337	"autumn"	0.05	18.66	0	16.9	0.07	16.33	209.45	7.04
54342	"winter"	0.05	11.55	0.1	14.8	0.01	12.39	31.44	11.12
54342	"spring"	0.05	12.89	0	14.91	0.1	15.84	84.42	11.79
54342	"summer"	0	5.35	0	6.9	0	8	187.13	8.62
54342	"autumn"	0.05	16.98	0.05	16.21	0	20.22	57.9	10.7
54346	"winter"	0.05	12.15	0.03	14.6	0	12	51.95	5.88
54346	"spring"	0.05	12.32	0.1	14.17	0.1	14.3	124.1	7.27
54346	"summer"	0	5.2	0	7	0	8.5	154.34	5.45
54346	"autumn"	0.05	17.79	0	18.11	0	19.14	75.36	6.48
54374	"winter"	0.05	12.04	0	15.26	0	13.2	77.42	3.82
54374	"spring"	0.05	13.07	0.1	13.56	0.1	17.45	157.92	5.13
54374	"summer"	0	5.65	0	7.3	0	9.4	154.91	3.48
54374	"autumn"	0	18.17	0	17.09	0.1	18.01	215.49	4.63
54386	"winter"	0.05	13.1	0.1	16.31	0	13.48	52.08	13.33
54386	"spring"	0.05	14.05	0	15.3	0	16.44	128.99	12.24
54386	"summer"	0.05	5.8	0	7.91	0	10.1	85.84	12.86
54386	"autumn"	0.05	19.28	0	16.98	0	18.92	69.31	10.4
54401	"winter"	0.05	9.69	0	10.05	0	11.93	59.96	7.7
54401	"spring"	0.05	15.18	0	13.68	0.1	17.22	45.13	8.32
54401	"summer"	0.05	6.05	0	6.8	0	9.7	124.78	6.27
54401	"autumn"	0.05	18.89	0	18.26	0	16.13	83.36	8.12
54423	"winter"	0	8.69	0	10.4	0	10.89	25.72	7.21
54423	"spring"	0.05	14.34	0.1	12.62	0	15.26	79.57	9.11
54423	"summer"	0	5.55	0	7	0	10.5	158.82	3.82
54423	"autumn"	0.05	19.83	0	18.89	0	18.18	49.27	7.76
54436	"winter"	0.05	8.55	0	11.7	0	10	28.98	7.58
54436	"spring"	0.05	12.79	0.1	13.48	0.1	14.09	102.3	6.68
54436	"summer"	0	5.55	0	6.7	0	9.5	213.27	7.65
54436	"autumn"	0.05	15.23	0	18.5	0	16.09	96.54	9.11
54471	"winter"	0.05	10.64	0.04	12.02	0	11.01	24.5	10.54
54471	"spring"	0.05	12.82	0	15.24	0.1	14.04	140.65	12.94
54471	"summer"	0	4.9	0	6.1	0	6.8	209.05	9.18
54471	"autumn"	0.05	17.04	0	18.53	0	17.54	86.76	14.02
54493	"winter"	0.05	11.99	0.1	15.16	0	11.18	68.93	5.37
54493	"spring"	0.05	12.87	0	13.63	0.1	14.31	104.38	5.52
54493	"summer"	0	4.8	0	7	0	8.7	318.01	4.66
54493	"autumn"	0.05	19.3	0	17.18	0	18.11	162.09	5
54497	"winter"	0.05	10.85	0.1	10.93	0	10.91	63.73	9.35
54497	"spring"	0.05	11.16	0	12.7	0	12	176.57	10.34
54497	"summer"	0	4.85	0	5.1	0	8.4	272.46	7.47
54497	"autumn"	0	18.86	0	16.41	0	18.18	336.33	10.03
54511	"winter"	0.05	6.91	0	7.7	0	9.29	38.98	7.09
54511	"spring"	0.05	11.69	0	12.65	0	13.22	75.69	8.41
54511	"summer"	0	5.8	0	5.9	0	9.4	191.08	4.75
54511	"autumn"	0	16.21	0	16.09	0	15.46	139.42	6.79
54527	"winter"	0.05	6.99	0	8.17	0	9.4	26.07	9.53
54527	"spring"	0.05	11.7	0	11.45	0	15.01	77.77	10.39
54527	"summer"	0	5.95	0	6.2	0	9.9	214.41	6.4
54527	"autumn"	0.05	11.95	0	12.59	0	14.39	179	7.48
54534	"winter"	0.05	8.52	0	10.57	0	9.5	34.15	7.84
54534	"spring"	0.05	10.4	0.1	11.53	0	14.05	167.19	8.07
54534	"summer"	0.05	5.45	0	6.1	0	9	225.35	5.72
54534	"autumn"	0	16.25	0	15.59	0	16.54	103.3	9.51
54539	"winter"	0.05	7.65	0	8.6	0	9	17.02	7.91
54539	"spring"	0.05	13.78	0	14.35	0	13.23	121.23	7.93
54539	"summer"	0	5.5	0	5.5	0	8.4	292.64	7.19
54539	"autumn"	0	16	0	15.04	0	15.34	188.67	10.35
54602	"winter"	0	6.99	0	9.4	0	9.84	16.99	5.46
54602	"spring"	0.05	10.83	0.1	12.03	0	13.74	171.44	7.83
54602	"summer"	0.05	5.9	0	6.7	0	9.1	311.27	6.27
54602	"autumn"	0.05	14.69	0	15.97	0	12.63	135.7	5.91
54662	"winter"	0	10.18	0	10.4	0	11.48	19.44	13.31
54662	"spring"	0.05	11.55	0	12.35	0	12.9	130.35	11.74
54662	"summer"	0	5.15	0	5.5	0	7.8	196.39	10.75
54662	"autumn"	0	15.54	0	15.96	0	15.09	132.81	11.14
54725	"winter"	0.05	7.95	0	9.48	0	10.07	50.05	8.39
54725	"spring"	0.05	14.6	0.09	12.94	0	15.35	142.65	8.43
54725	"summer"	0.05	6.15	0	6.6	0	9.6	289.9	8.6
54725	"autumn"	0	11.33	0.1	12.55	0	13.43	174.42	9.26
54751	"winter"	0	7.97	0	7.41	0	9.5	23.56	14.83
54751	"spring"	0.05	12.34	0	9.35	0	15.86	105.12	19.63
54751	"summer"	0.05	6.15	0	6.3	0	8.51	270.2	10.77
54751	"autumn"	0	13.2	0	12.74	0	12.57	138.79	14.99
54753	"winter"	0.05	8.13	0	8.68	0	10.2	59.62	7.95
54753	"spring"	0.05	15.59	0	13.33	0	17.72	180.6	8.75
54753	"summer"	0	5.55	0	5.9	0	8.8	323.02	8.2
54753	"autumn"	0.05	14	0	13.23	0	12.99	282.19	10.02
54776	"winter"	0	13.89	0	28.3	0	9.08	53.1	21.06
54776	"spring"	0	12.17	0	20.42	0	11.31	104.09	21.58
54776	"summer"	0	8.51	0	15.64	0	6.9	263.83	16.36
54776	"autumn"	0	15.51	0	24.15	0	12.8	226.87	18.71
54823	"winter"	0.05	9.45	0	10	0	10.63	47.25	10.47
54823	"spring"	0.05	15.96	0.1	14.7	0	17.92	186.28	11.51
54823	"summer"	0.05	7.2	0	7.9	0	9.7	231.07	8.97
54823	"autumn"	0.05	11.87	0	12.17	0	13.38	188.08	8.85
54826	"winter"	0.05	11.87	0	13.3	0	13.16	74.64	18.6
54826	"spring"	0.05	14.34	0	14.8	0	14.92	161.08	20.06
54826	"summer"	0.05	5.85	0	5.8	0	8.41	276.37	20.77
54826	"autumn"	0.05	12.67	0	14.17	0	12.75	225.57	17.09
54836	"winter"	0.05	9.4	0	11.8	0	11.18	60.89	7.3
54836	"spring"	0.05	14.36	0	13.91	0	16.73	243.62	8.15
54836	"summer"	0	5.85	0	6.5	0	9	237.53	5.16
54836	"autumn"	0	12.85	0	16.24	0	12.4	134.3	6.42
54843	"winter"	0.05	8.45	0.1	10.4	0.1	11.68	23.49	8.96
54843	"spring"	0.05	13.55	0.1	11.14	0.1	16.11	165	8.34
54843	"summer"	0	5.85	0	6.3	0	9.2	208.32	8.12
54843	"autumn"	0.05	12.02	0	12.82	0	12.79	142.25	7.89
54857	"winter"	0	8.71	0	8.9	0	11.03	28	10.9
54857	"spring"	0.05	9.22	0	10.21	0	13.21	182.62	12.95
54857	"summer"	0	5.15	0	4.8	0	8.2	306.08	9.15
54857	"autumn"	0.03	13.35	0	12.4	0	12.42	225.28	10.92
54863	"winter"	0.05	9.51	0.1	16.42	0	9.85	31.39	11.32
54863	"spring"	0.04	12.22	0	15.6	0	13.61	141.05	11.46
54863	"summer"	0	6.96	0	15.1	0	7.4	249.43	11.27
54863	"autumn"	0	13.8	0	18.23	0	13.34	166.26	8.77
54916	"winter"	0	7.9	0	10	0	9.56	29.62	7.92
54916	"spring"	0.05	11.81	0.1	11.94	0	13.71	164.8	6.76
54916	"summer"	0	5.35	0	6.3	0	8.8	250.45	6.51
54916	"autumn"	0	13.28	0	13.12	0	12.4	469.9	6.38
54945	"winter"	0.05	11	0	19.84	0	10.4	38.37	10
54945	"spring"	0.05	12.15	0	15.6	0.1	14.81	206.13	9.81
54945	"summer"	0	9.35	0	18.31	0	8.7	330.89	13.96
54945	"autumn"	0.03	12.71	0	18.17	0	12.13	272.55	9.91
56080	"winter"	0	7.45	0	10.6	0.02	13.74	19.78	4.92
56080	"spring"	0.05	9.4	0	10.25	0.1	15.01	58.3	4.77
56080	"summer"	0.05	5.95	0	7.1	0.1	10.9	115.49	4.2
56080	"autumn"	0	11.81	0	13.64	0	13.17	45.06	4.11
56096	"winter"	0	6	0	6.9	0	7.55	20	5.49
56096	"spring"	0.05	9.1	0	9.71	0.1	11.4	104.07	5.03
56096	"summer"	0.05	6.7	0	6.4	0	10.3	111.91	4.34
56096	"autumn"	0	10.36	0	11.53	0	11.03	58.99	5.27
56167	"winter"	0	5.85	0	10.27	0	9.76	16.23	10.63
56167	"spring"	0	7.78	0	9.6	0.1	10.9	35.69	11.87
56167	"summer"	0	5	0	6.1	0	9.42	43.21	8.1
56167	"autumn"	0	8.96	0	11.85	0	10.17	45.4	8.44
56172	"winter"	0	5.9	0	8.7	0	10.4	27.1	4.74
56172	"spring"	0	7.99	0	8.8	0.1	13.7	52.79	4.24
56172	"summer"	0.05	6.1	0	6.4	0.1	12	51.03	5.58
56172	"autumn"	0	8.44	0	8.7	0.1	11.7	52.67	3.4
56196	"winter"	0.05	5.54	0	6.68	0	8	26.57	5.34
56196	"spring"	0.05	8.93	0	8.82	0	10.41	216.17	6.5
56196	"summer"	0	5.55	0	4.7	0	8	284.57	4.56
56196	"autumn"	0.05	9.56	0	8.66	0	9.01	240.95	5.47
56247	"winter"	0	5.3	0	7.7	0	7.3	7.9	4.41
56247	"spring"	0	7.22	0	8.76	0	10.4	37.11	5.77
56247	"summer"	0	5.9	0	5.2	0	10.1	41.71	6.31
56247	"autumn"	0	7.62	0	11.91	0	9.6	39.63	5.75
56287	"winter"	0	5.53	0	5.56	0	9.2	39.98	3.29
56287	"spring"	0.05	8.2	0	7.8	0	10.9	149.51	5.17
56287	"summer"	0.05	5.8	0	4.2	0	9.2	296.79	4.22
56287	"autumn"	0	7.68	0	8.98	0	8.93	138.57	4.05
56312	"winter"	0	5.11	0	9.02	0	7.2	8.49	5.51
56312	"spring"	0	5.72	0	8.2	0	9.3	47.15	6.67
56312	"summer"	0	4.2	0	4.6	0	8.4	83.11	4.49
56312	"autumn"	0	6.9	0	9.23	0	7.83	64.33	5.79
56374	"winter"	0.05	7.9	0	6.18	0	13.59	110.93	7.05
56374	"spring"	0.05	8.71	0	7.75	0.09	13.61	50.97	5.87
56374	"summer"	0	4.6	0	5.3	0	8.2	69.95	7.37
56374	"autumn"	0	8.51	0	9.55	0	10.17	43.88	6.51
56385	"winter"	0.05	12.59	0	11.4	0	16.28	60.63	13.06
56385	"spring"	0.05	10.82	0	10	0	15.2	168.29	11.01
56385	"summer"	0	5.2	0	5.61	0.1	7.3	296.81	11.9
56385	"autumn"	0.05	10.5	0	10.06	0	12.24	193.01	9
56462	"winter"	0	4.65	0	7	0.1	8.56	78.66	6.48
56462	"spring"	0.05	7.21	0	8.87	0	11.5	55.88	6.68
56462	"summer"	0.05	5	0	5.2	0	8.71	56.83	6.01
56462	"autumn"	0.05	7.76	0	8.97	0	9.13	61.13	6.58
56492	"winter"	0	5.48	0	5.65	0	8.55	16.71	4.95
56492	"spring"	0.05	9.41	0	9.3	0	11.6	118.51	5.18
56492	"summer"	0.05	6.1	0	5.1	0	9	224.73	5.9
56492	"autumn"	0	8.79	0	8.28	0	9.5	178.58	5.95
56571	"winter"	0	8.03	0	9.3	0	11.9	30.69	5.71
56571	"spring"	0	9.25	0.1	10.11	0	12.9	88.34	6.97
56571	"summer"	0.05	6.5	0	5.4	0	10.7	173.97	5.29
56571	"autumn"	0.04	7.56	0	7.73	0	10.9	128.43	5.21
56586	"winter"	0.05	9.32	0	10.12	0.1	16.3	21.57	5.68
56586	"spring"	0.05	10.28	0	10.52	0	15.3	93.94	10.64
56586	"summer"	0	5.75	0	5.4	0	10.21	153.25	3.92
56586	"autumn"	0	9.26	0	8.54	0	13.4	99.15	4.88
56651	"winter"	0	5.4	0	8.61	0	6.85	17.1	8.24
56651	"spring"	0	6.96	0	8.6	0	9.3	64.67	8.01
56651	"summer"	0	4.4	0	4.7	0	7.3	122.73	6.61
56651	"autumn"	0	6.76	0	8.99	0	7.73	85.25	6.37
56671	"winter"	0	6.03	0	7.8	0	10	20.97	4.61
56671	"spring"	0	7.23	0	8.42	0	10.31	83.29	4.71
56671	"summer"	0	4.91	0	4.41	0	7.7	136.15	3.61
56671	"autumn"	0	7.6	0	7.79	0	9.3	129.09	3.34
56684	"winter"	0.05	10.06	0	10.31	0	15.23	24.45	9.83
56684	"spring"	0.05	10.55	0	11.41	0	14.1	70.78	15.86
56684	"summer"	0	5.95	0	4.8	0	10.1	148.48	5.97
56684	"autumn"	0	8.71	0	8.6	0	11.55	137.02	8.21
56691	"winter"	0.05	11.6	0	8.82	0	17.53	51.58	6.82
56691	"spring"	0.05	10.8	0	9.52	0.1	16.6	60.97	7.42
56691	"summer"	0	5.8	0	4.7	0	8.8	125.92	6.79
56691	"autumn"	0	10.2	0	8.6	0	13.13	118.91	5.84
56739	"winter"	0	3.8	0	6.07	0	6.3	48.57	4.35
56739	"spring"	0	5.3	0	8.41	0	7.6	109.52	5.98
56739	"summer"	0	3.15	0	2.9	0	6.2	91.19	4.72
56739	"autumn"	0	5.5	0	7.79	0	7	125.2	4.18
56748	"winter"	0	4.28	0	6.9	0	6.3	41.16	5.05
56748	"spring"	0	5.47	0	7.71	0	8.2	101.12	5.9
56748	"summer"	0	3.36	0	3.1	0	6.21	160.65	6.4
56748	"autumn"	0	5.95	0	7.93	0	7.33	112.03	5.31
56751	"winter"	0	5.14	0	8.17	0	6.45	104.96	13.21
56751	"spring"	0	6.7	0	8.7	0	9.2	113.57	14.85
56751	"summer"	0	4.45	0	3.9	0	7.8	119.39	9.18
56751	"autumn"	0	6.34	0	9.18	0	8	194.17	8.74
56763	"winter"	0.05	6.83	0	8.72	0	10.3	97.47	5.95
56763	"spring"	0.05	8.36	0	8.81	0	10.91	83.16	5.92
56763	"summer"	0	7.13	0	6.2	0	9.91	159.19	6.27
56763	"autumn"	0	7.9	0	8.87	0	10.3	87.51	4.72
56768	"winter"	0	5.95	0	7.07	0	9.42	120.7	6.97
56768	"spring"	0	6.86	0	7.22	0	9.9	156.57	7.3
56768	"summer"	0	4.9	0	4	0	7.7	175.09	5.1
56768	"autumn"	0	7	0	7.54	0	8.4	176.95	4.62
56778	"winter"	0	7.7	0	7.16	0	12.37	93.99	8.94
56778	"spring"	0	7.5	0	7.3	0	10.5	160.71	7.66
56778	"summer"	0	4.5	0	4.4	0	6.9	185.61	5.53
56778	"autumn"	0	6.96	0	6.83	0	9.4	218.15	5.28
56786	"winter"	0.05	10.05	0	8.1	0	15.46	28.89	6.69
56786	"spring"	0.05	9.46	0	9.12	0	13.41	116.65	6.2
56786	"summer"	0	5.1	0	5	0	7.9	226.2	4.94
56786	"autumn"	0	8.59	0	8.35	0	11.53	159.84	6.11
56838	"winter"	0	4.43	0	5.8	0	7.2	88.74	2.28
56838	"spring"	0	5.25	0	6.92	0	8.3	100.4	3.42
56838	"summer"	0	3.25	0	2.41	0	5.91	205.82	2.4
56838	"autumn"	0	5.19	0	6.01	0	6.93	139.89	2.91
56886	"winter"	0	9.05	0	8	0	14.7	96.04	7.88
56886	"spring"	0	8.26	0	9.01	0	12.71	74.21	10.38
56886	"summer"	0	4.15	0	3.9	0	7.01	131.24	7.49
56886	"autumn"	0.03	7.07	0	7.25	0	10.6	161.49	6.58
56946	"winter"	0	4.65	0	7.26	0	7.51	118.65	2.9
56946	"spring"	0	5.45	0	7.34	0	8.7	117.58	3.48
56946	"summer"	0	3.65	0	2.5	0	6.72	104.69	4.94
56946	"autumn"	0	5.25	0	6.9	0	6.83	100.75	2.02
56951	"winter"	0	4.03	0	6.46	0	7.35	101.45	3.58
56951	"spring"	0	5.25	0	6.12	0	8.3	141.45	3.67
56951	"summer"	0	3.5	0	2.8	0	6.41	115.17	2.71
56951	"autumn"	0	5.63	0	6.11	0	6.43	68.31	2.96
56954	"winter"	0	4.45	0	6.36	0	7.35	139.43	3.72
56954	"spring"	0	5.06	0	6.73	0	8	84.63	3.65
56954	"summer"	0	3.25	0	2.3	0	6.6	131.17	2.56
56954	"autumn"	0	4.51	0	5.73	0	6.7	174.36	3.08
56959	"winter"	0	5.15	0	5.91	0	8.2	135.5	3.05
56959	"spring"	0	5.01	0	5.7	0	9	100.29	3.22
56959	"summer"	0	3.6	0	2.5	0	6.8	151.27	3.1
56959	"autumn"	0	4.94	0	4.8	0	7.53	78.75	2.14
56964	"winter"	0	4.76	0	5.6	0	7.9	165.06	2.38
56964	"spring"	0	5.25	0	6.6	0	8.4	148.46	2.65
56964	"summer"	0	3.2	0	2.7	0	6.2	136.82	2.37
56964	"autumn"	0	5.2	0	5.35	0	6.5	174.42	2.03
56966	"winter"	0	5.83	0	7.56	0	9.85	98.94	10.33
56966	"spring"	0.05	7.41	0	9.11	0	11.2	123.37	11.11
56966	"summer"	0	6.1	0	4.6	0	8.9	168.15	6.64
56966	"autumn"	0	6.65	0	6.9	0	8.86	97.87	7.01
56969	"winter"	0	5.16	0	5.4	0	9.21	163.35	3.73
56969	"spring"	0	5.32	0	6	0	9.3	94.55	2.98
56969	"summer"	0	3.36	0	2.1	0	6.5	189.14	2.68
56969	"autumn"	0	5.07	0	4.73	0	7	203.16	2.79
56977	"winter"	0	5.3	0	6.2	0	9.57	154.42	3.5
56977	"spring"	0	5.5	0	6.7	0	9.3	195.91	3.35
56977	"summer"	0	3.25	0	2.6	0	6.3	227.13	3.01
56977	"autumn"	0	5.25	0	6.1	0	7.03	111.23	3.4
56985	"winter"	0.05	8.54	0	7.46	0	11.86	146.98	7.03
56985	"spring"	0	7.71	0	6.9	0	11	80.16	7.11
56985	"summer"	0	4.61	0	4	0	6.81	118.89	5.43
56985	"autumn"	0	6.76	0	6.88	0	8.9	63.71	5.33
57046	"winter"	0.05	10.31	0	11.17	0	11.91	30.44	15.53
57046	"spring"	0.05	13.42	0	13.43	0.1	13.42	137.01	13.96
57046	"summer"	0	5.95	0	6.6	0	7.3	190.33	13.55
57046	"autumn"	0	11.19	0	12.73	0	11.47	93.76	16.34
57067	"winter"	0.05	7.9	0	9.26	0	12.52	18.39	6.35
57067	"spring"	0.05	12.06	0.09	10.64	0.1	15.2	142.74	5.43
57067	"summer"	0	6.15	0	5.9	0	10.9	101.18	5.25
57067	"autumn"	0	11.37	0	11.29	0.1	13.21	96.02	3.96
57071	"winter"	0.05	7.68	0	7.22	0	11.9	15.1	9.61
57071	"spring"	0	14.06	0	11.25	0	14.9	92.04	8.57
57071	"summer"	0	6.75	0	5.8	0	10.5	102.71	7.85
57071	"autumn"	0	11.67	0	13.49	0	12.6	124.44	9.18
57083	"winter"	0	7.02	0	8.6	0	11.67	21.96	7.19
57083	"spring"	0.05	14.01	0	11.36	0.1	15.2	175.42	6.93
57083	"summer"	0	6.6	0	6.1	0	10	223.94	6.5
57083	"autumn"	0	10.83	0	12.82	0	11.93	134.04	6.87
57127	"winter"	0	5.95	0	7.21	0	8.16	37.76	5.55
57127	"spring"	0	9.35	0	9.61	0.1	11.1	109.42	5.33
57127	"summer"	0.05	5.56	0	4.9	0	8.5	113.85	4.94
57127	"autumn"	0	10.67	0	10.73	0	10.68	96.99	4.3
57178	"winter"	0	6.56	0	8.02	0	10	26.5	8.11
57178	"spring"	0.05	12.01	0	11.45	0.1	14.21	208.87	6.91
57178	"summer"	0	5.65	0	5.1	0	8.8	304.82	5.61
57178	"autumn"	0.05	11.72	0	12.3	0	10.88	100.79	6.82
57193	"winter"	0	8.55	0	7.21	0	11.36	38.81	5.05
57193	"spring"	0	13.36	0	11.41	0	15.03	235.8	6.56
57193	"summer"	0.05	6.2	0	5.3	0	9.3	353.21	5.27
57193	"autumn"	0	11.91	0	12.99	0	12.19	161.74	6.36
57237	"winter"	0.05	6.5	0	8.5	0	9	59.57	12.52
57237	"spring"	0.05	10.05	0	9.2	0.1	12.91	116.44	12.51
57237	"summer"	0.05	5.45	0	5	0	9.61	304.34	10.02
57237	"autumn"	0.05	9.73	0	10	0	11.1	215.14	10.35
57245	"winter"	0	5.96	0	8	0	8.4	40.29	6.77
57245	"spring"	0.05	9.62	0	9.41	0.1	12.7	80.34	5.87
57245	"summer"	0	6.35	0	5.1	0	10.2	138.71	4.39
57245	"autumn"	0	8.86	0	9.2	0	11.76	109.38	4.99
57259	"winter"	0.05	6.61	0	8.6	0.1	11.06	43.93	5.58
57259	"spring"	0.04	11.98	0	10.21	0.1	14.6	139.46	7.15
57259	"summer"	0	5.65	0	5.1	0	10.11	187.03	3.82
57259	"autumn"	0	10.47	0	9.4	0.1	11.82	63.51	5.05
57265	"winter"	0	6.67	0	8.5	0	9.96	52.72	8.42
57265	"spring"	0.05	11.9	0	11.4	0	13.71	119.45	5.83
57265	"summer"	0	6.06	0	5	0	9.21	235.11	6.13
57265	"autumn"	0	11.68	0	11.45	0	12.4	213.9	8.1
57279	"winter"	0	7.17	0	7.31	0	9.6	48.08	7.26
57279	"spring"	0.05	12.96	0	11.73	0.1	14.21	245.29	6.23
57279	"summer"	0	6.41	0	5.5	0	9.01	377.35	5.52
57279	"autumn"	0	12.08	0	12.53	0	12.72	154.65	6.75
57290	"winter"	0	7.67	0	8.52	0	10.9	35.15	7.68
57290	"spring"	0.05	12.76	0	11.46	0.1	16.12	167.15	5.55
57290	"summer"	0.05	6.6	0	5.7	0	9.6	257.96	6.35
57290	"autumn"	0.05	11.69	0	11.61	0	13.73	209.51	6.25
57297	"winter"	0.05	8.62	0	8.9	0.1	11.57	58.2	7.77
57297	"spring"	0.05	13.91	0	12.91	0	15.3	144.36	9.03
57297	"summer"	0.05	7.06	0	5.6	0	9.5	369.59	8.69
57297	"autumn"	0	11.47	0	11.6	0	12.76	175.7	7.61
57306	"winter"	0	5.3	0	6.47	0	7.4	76.37	4.37
57306	"spring"	0	9.06	0	8.81	0	11	97.46	4.96
57306	"summer"	0.05	6.36	0	5.2	0	9.2	262.49	4.32
57306	"autumn"	0	9.94	0	9.38	0	10.5	209.38	4.62
57328	"winter"	0	5.7	0	6.3	0	6.96	40.32	6.39
57328	"spring"	0.05	9.11	0	8.8	0	11.7	214.25	8.13
57328	"summer"	0	5.85	0	4.7	0	9.2	251.61	5.64
57328	"autumn"	0	10.43	0	9.12	0	11.86	220.16	6.98
57348	"winter"	0.05	5.55	0	6.5	0	7.3	40.34	5.71
57348	"spring"	0.05	9.76	0	9	0.1	11	106.74	7.16
57348	"summer"	0.05	6.6	0	5	0	10.2	147.9	4.73
57348	"autumn"	0	11.03	0	9.95	0	11.48	139.16	6.59
57378	"winter"	0	6.58	0	7.39	0	8.9	73.9	6.88
57378	"spring"	0.05	12.7	0	11.27	0.1	14.51	200.2	7.58
57378	"summer"	0	6.7	0	5.51	0	8.81	246.78	6.38
57378	"autumn"	0	11.39	0	11.87	0	12.3	253.38	7.14
57399	"winter"	0	7.2	0	8.5	0.04	10.54	48.85	8.12
57399	"spring"	0	13.03	0	12.12	0.1	14.5	173.55	7.61
57399	"summer"	0	6	0	5.4	0	8.2	277.12	6.23
57399	"autumn"	0	12.61	0	11.6	0	13.23	123.53	9.81
57411	"winter"	0	5.5	0	6.36	0	7	36.64	6.45
57411	"spring"	0	9.55	0	8.91	0	11.1	116.14	7.09
57411	"summer"	0.05	6.8	0	5.4	0.09	9.61	250.63	5.55
57411	"autumn"	0	9.38	0	9.23	0	10.58	164.81	8.11
57426	"winter"	0	5.85	0	7.5	0	7.2	19.11	5.87
57426	"spring"	0.05	9.77	0	8.72	0	11.42	96.39	7.01
57426	"summer"	0	5.9	0	4.5	0	9.5	235.47	3.68
57426	"autumn"	0	11.48	0	9	0	11.9	191.87	5.65
57447	"winter"	0.05	5.9	0	6.98	0	8.2	43.08	4.2
57447	"spring"	0.05	9.32	0	8.21	0.1	12.71	149.87	4.38
57447	"summer"	0	5.5	0	4.4	0	9.9	253.84	3.42
57447	"autumn"	0	11.17	0	8.3	0	12.43	196.89	5.45
57461	"winter"	0	5.9	0	6.6	0.04	9.46	43.58	3.23
57461	"spring"	0.05	10.55	0	10.1	0	13.01	130.36	3.95
57461	"summer"	0	5.7	0	4.7	0	8.8	248.06	3.7
57461	"autumn"	0.04	9.85	0	9.44	0	10.53	250.45	3.75
57476	"winter"	0	6.25	0	7.39	0	9	86.82	6.93
57476	"spring"	0.05	12.42	0	11.2	0	13.42	168.76	8.04
57476	"summer"	0	5.8	0	5.01	0	8.31	157.45	7.84
57476	"autumn"	0	12.48	0	11.01	0	12.56	186.82	7.09
57494	"winter"	0	7.2	0	8.59	0	8.9	59.71	7.33
57494	"spring"	0.05	12.45	0	11.81	0	14.21	174.45	7.03
57494	"summer"	0	6.4	0	5.7	0	8.41	295.57	6.48
57494	"autumn"	0	12.21	0	11.56	0	12.58	194.41	7.78
57516	"winter"	0	5.7	0	6.16	0	6.4	40.52	3.65
57516	"spring"	0.05	9.67	0	8.7	0	11.32	91.54	4.11
57516	"summer"	0	6.8	0	5.5	0	9.8	277.75	3.74
57516	"autumn"	0	10.78	0	9.6	0	12	167.97	3.24
57554	"winter"	0	6.6	0	8.2	0	9.52	44.16	5.43
57554	"spring"	0.05	10.56	0	9.91	0.1	13	161.46	6.86
57554	"summer"	0	5.25	0	4.3	0	9.31	313.42	4.16
57554	"autumn"	0	11.36	0	9.85	0	11.7	160.57	5.01
57584	"winter"	0.05	7.38	0	7.6	0	9.4	127.87	7.73
57584	"spring"	0.05	12.11	0	11.7	0	13.81	219.43	9.46
57584	"summer"	0	6.1	0	6.41	0	7.2	235.37	7.06
57584	"autumn"	0.05	11.93	0	11.68	0	12.63	94.46	7.53
57598	"winter"	0.05	8.1	0	9.01	0	10.56	128.55	4.28
57598	"spring"	0.05	11.35	0	9.48	0.1	14.01	187.39	4.74
57598	"summer"	0	5.41	0	4.7	0	9.1	236.75	4.06
57598	"autumn"	0.05	11.71	0	9.94	0	13.82	181.2	4.07
57633	"winter"	0	6.45	0	7.6	0	9.56	159.95	3.92
57633	"spring"	0.05	9.55	0	8.74	0.1	12.41	153.95	4.12
57633	"summer"	0	4.9	0	4.4	0	8.6	241.38	4.24
57633	"autumn"	0	10.55	0	8.65	0	11.85	147.82	4.43
57655	"winter"	0.05	6.6	0	7.9	0	9.72	63.66	4.8
57655	"spring"	0.05	11.47	0	9.32	0	13.02	213.68	5.96
57655	"summer"	0	5.7	0	4.7	0	8.9	323.35	3.84
57655	"autumn"	0	11.58	0	9.5	0	13.3	185.23	5.03
57662	"winter"	0	7.2	0	7.6	0.03	9.87	62.53	7.89
57662	"spring"	0.05	12.04	0	11.21	0	14.2	194.15	9.46
57662	"summer"	0	6.5	0	5.4	0	9.7	267.86	9.62
57662	"autumn"	0	11.75	0	10.85	0	13.4	171.73	9.52
57687	"winter"	0.05	8.19	0	7.98	0	11.3	52.65	8.91
57687	"spring"	0	13.4	0	10.8	0.1	14.8	152.62	8.09
57687	"summer"	0	6.6	0	5.2	0	9.3	241.84	8.43
57687	"autumn"	0	12.38	0	11.8	0	13.52	167.37	9.44
57707	"winter"	0	8.5	0	6.83	0	15.5	71.79	3.49
57707	"spring"	0.05	9.66	0	8.83	0.1	15.1	135.03	4.01
57707	"summer"	0	5.45	0	5.1	0	9.2	202.88	3.65
57707	"autumn"	0	10.08	0	8.93	0	12.33	148.25	2.84
57731	"winter"	0	6.89	0	6.8	0	9.36	44	3.93
57731	"spring"	0	9.68	0	9.11	0	12.13	154.31	3.71
57731	"summer"	0	5.45	0	4.7	0	8.9	249.44	5.36
57731	"autumn"	0	10.39	0	9.43	0	13.4	128.49	5.23
57745	"winter"	0.05	7.4	0	8.6	0	11	56.13	6.15
57745	"spring"	0	11.9	0	9.5	0.1	14.3	213.92	5.78
57745	"summer"	0	5.6	0	4.3	0	8.7	217.26	4.4
57745	"autumn"	0	11.37	0	9.54	0	14.53	242.66	4.81
57766	"winter"	0	8.02	0	8.4	0	11.2	77.22	5.56
57766	"spring"	0.05	11.88	0	10.42	0	14.33	156.41	6.42
57766	"summer"	0	5.8	0	4.21	0	8.4	179.56	5.19
57766	"autumn"	0.03	11.97	0	10.07	0	13.73	112.88	6.14
57776	"winter"	0.05	12.88	0	13.09	0	13.53	62.68	20.75
57776	"spring"	0.05	12.83	0	13.53	0	14.53	170.32	21.23
57776	"summer"	0	4.7	0	5.2	0	6.2	277.83	23.61
57776	"autumn"	0.03	12.47	0	12.37	0	13.6	156.94	17.91
57793	"winter"	0.05	7.95	0	8.6	0	11.06	121.46	5.75
57793	"spring"	0.05	11.46	0	10.23	0	14.12	195.64	7.43
57793	"summer"	0	5.5	0	4.6	0	8.7	236.56	5.83
57793	"autumn"	0	11.02	0	8.63	0	13.4	199.93	6.82
57799	"winter"	0	9.04	0	8.66	0	12.66	169.03	5.75
57799	"spring"	0.05	12.3	0	11.21	0.1	14.9	183.01	7.85
57799	"summer"	0	5.6	0	4.8	0	8.6	262.54	8.93
57799	"autumn"	0	10.88	0	10.37	0	12.1	151.52	5.44
57816	"winter"	0.05	9.59	0	8.5	0	13.2	47.12	6.76
57816	"spring"	0.05	11.7	0	10.61	0	14.1	141.56	6.94
57816	"summer"	0	5.35	0	4.4	0	8.2	220.9	5.87
57816	"autumn"	0	10.63	0	9.39	0	12.93	155.84	5.87
57832	"winter"	0.05	7.75	0	9	0	11.93	100.06	4.8
57832	"spring"	0.05	12.08	0	10.71	0.1	15	83.4	4.81
57832	"summer"	0	5.61	0	4.6	0	9.2	181.5	3.73
57832	"autumn"	0	11.35	0	9.52	0	14.23	109.82	4.2
57845	"winter"	0	9.78	0	10.6	0	13.35	94.17	9.03
57845	"spring"	0.05	13.11	0	11.4	0	14.41	153.23	7
57845	"summer"	0	4.76	0	4.31	0	8.3	245.91	5.41
57845	"autumn"	0	11.88	0	10.51	0	13.23	78.46	5.02
57853	"winter"	0	7.89	0	8.3	0	11	60.67	4.46
57853	"spring"	0.05	11.74	0	10.93	0.1	14.51	139.49	4.95
57853	"summer"	0	5.3	0	4.3	0	8.31	100.92	4.28
57853	"autumn"	0	11.55	0	9.66	0	14.33	98.75	3.86
57866	"winter"	0	8.74	0	8.8	0	13.86	99.24	8.22
57866	"spring"	0.05	13.35	0	11.31	0.1	15.8	117.64	8.36
57866	"summer"	0	6.01	0	5.2	0	8.7	163.13	8.12
57866	"autumn"	0	11.91	0	11.1	0	14.73	85.87	7.76
57902	"winter"	0.05	9.88	0	8.48	0	14.3	100.86	9.4
57902	"spring"	0.05	10.05	0	9.51	0	14	158.4	8
57902	"summer"	0	5.15	0	4.5	0	7.8	164.05	5.34
57902	"autumn"	0	9.4	0	7.5	0	10.86	120.26	6.36
57916	"winter"	0	8.86	0	7.8	0	13.9	49.82	8.17
57916	"spring"	0.05	10.36	0	9.21	0	13.9	184.15	2.75
57916	"summer"	0	5.36	0	3.9	0	8.6	228.32	2.67
57916	"autumn"	0.05	9.15	0	7.76	0	12.59	219.87	2.47
57922	"winter"	0.05	10.49	0	9.6	0	13.02	49.72	7.58
57922	"spring"	0.05	11.66	0	10.93	0	13.9	119.89	8.08
57922	"summer"	0	4.65	0	4.3	0	7.6	203.43	6.96
57922	"autumn"	0	10.95	0	9.9	0	11.96	116.91	6.9
57932	"winter"	0.05	8.77	0	8	0	12.97	50.6	5.57
57932	"spring"	0.05	11	0	9.21	0.1	15.3	93.01	5.13
57932	"summer"	0	4.85	0	3.6	0	9	234.75	3.41
57932	"autumn"	0	11.07	0	9.23	0	12.99	155.99	4.93
57957	"winter"	0.02	8.71	0	8.26	0	11.06	183.77	8.61
57957	"spring"	0.05	11.86	0	10.5	0.1	13.2	291.34	7.34
57957	"summer"	0	5.1	0	4.3	0	7.5	329.89	6.34
57957	"autumn"	0	10.73	0	9.91	0	11.73	197.16	7.51
57972	"winter"	0.05	11.84	0	10.59	0	15.16	73.86	23.39
57972	"spring"	0.05	14.25	0	12.6	0.1	16.81	164.02	11.64
57972	"summer"	0	6.41	0	5.4	0	8.9	268.37	10.46
57972	"autumn"	0	12.39	0	11.3	0	15	292.03	13.58
57993	"winter"	0.05	10.18	0	9.8	0	13.25	87.42	3.89
57993	"spring"	0	11.95	0	10.62	0.1	14.31	128.17	4.07
57993	"summer"	0	5.35	0	4.4	0	7.71	172.21	4.74
57993	"autumn"	0	9.93	0	9.35	0	11.68	176.42	4.34
58027	"winter"	0.05	7.75	0	8.2	0	9.3	82.01	6.72
58027	"spring"	0.04	12.73	0	10.86	0	14.2	140.43	6.53
58027	"summer"	0.05	5.75	0	5.7	0	7.9	271.99	6.22
58027	"autumn"	0	11.77	0	12.97	0	11.83	144.38	5.65
58040	"winter"	0.05	8.66	0	8.6	0	9.6	56.28	7.18
58040	"spring"	0.05	11.84	0	11.72	0.1	14.4	169.59	9.09
58040	"summer"	0	5.55	0	5.2	0	8.5	305	9.54
58040	"autumn"	0	11.97	0	12.07	0	11.95	219.52	7.76
58102	"winter"	0.05	7.55	0	8.59	0	10.43	44.15	6.33
58102	"spring"	0.05	12.96	0.1	11.42	0	14.41	154.81	6.34
58102	"summer"	0	5.8	0	5.3	0	8.8	353.61	7.14
58102	"autumn"	0	11.28	0	12.56	0	12.45	182.54	7.05
58150	"winter"	0	7.57	0	8.41	0	9.52	75.17	8.85
58150	"spring"	0.05	11.85	0.1	10.64	0.1	14.5	138.63	9.41
58150	"summer"	0	5.1	0	5.5	0	8	222.92	17.53
58150	"autumn"	0	10.43	0	10.21	0	10.95	249.1	7.43
58203	"winter"	0	7.96	0	9.3	0	10.06	67.27	7.05
58203	"spring"	0.05	12.31	0	10.15	0	15.1	155.84	8.12
58203	"summer"	0	5.55	0	5.4	0	8.5	191.15	8.1
58203	"autumn"	0	12.3	0	11.06	0	13.05	191.73	8.29
58208	"winter"	0	7.18	0	8.11	0	10.2	54.24	7.64
58208	"spring"	0.05	12.75	0	10.61	0.1	14.3	245.92	9.44
58208	"summer"	0.05	5.55	0	5.1	0	8.4	231.33	7.06
58208	"autumn"	0	12.48	0	12	0	12.53	195.37	6.48
58221	"winter"	0	8.15	0	8.31	0	9.8	36.51	8.66
58221	"spring"	0	12.88	0	10.95	0.1	15.4	160.02	9.17
58221	"summer"	0	5.85	0	5.4	0	8.8	265.66	7.84
58221	"autumn"	0	12.98	0	11.8	0	12.13	251.18	6.67
58238	"winter"	0.05	7.33	0	8.58	0	9.6	48.16	7.78
58238	"spring"	0.05	13.25	0	10.22	0	15.3	142.53	8.73
58238	"summer"	0	5.9	0	5.3	0	8	251.01	9.9
58238	"autumn"	0.05	11.11	0	10.86	0	11.95	328.17	7
58251	"winter"	0.05	7.55	0	8.4	0	9.56	128.64	8.65
58251	"spring"	0.05	12.36	0	10.9	0	15.01	103.25	8.93
58251	"summer"	0	5.4	0	5.4	0	8.5	285.01	10.8
58251	"autumn"	0	11.08	0	10.43	0	11.7	208.75	8.94
58265	"winter"	0.05	8.35	0	8.48	0	10.5	84.57	9.36
58265	"spring"	0	11.16	0	8.62	0	14.6	167.57	9.42
58265	"summer"	0	5.5	0	5	0	8.2	255.7	14.79
58265	"autumn"	0	10.99	0	11.16	0	11.06	230.74	12.97
58314	"winter"	0.05	8.31	0	9.3	0	12.22	84.2	5.64
58314	"spring"	0.05	12.92	0	11.91	0.1	15.34	121.21	7.72
58314	"summer"	0	5.8	0	5.5	0	9.6	294.56	5.72
58314	"autumn"	0	12.24	0	11.12	0	12.96	274.88	5.15
58321	"winter"	0	8.05	0	8.62	0	10.15	49.52	7.45
58321	"spring"	0.05	12.51	0	10.69	0	14.71	115.44	8
58321	"summer"	0	5.7	0	5.61	0	8.2	228.49	6.77
58321	"autumn"	0	13.21	0	11.9	0	12.29	162.81	8.21
58338	"winter"	0	7.57	0	8	0	10.06	82.07	8.78
58338	"spring"	0.05	12.54	0	9.8	0.1	15.62	140.94	8.37
58338	"summer"	0	6.16	0	5.2	0	8.71	225.13	8.35
58338	"autumn"	0	11.62	0	11.27	0	11.85	201.02	6.29
58345	"winter"	0.05	7.45	0	8.3	0	10.12	50.41	6.25
58345	"spring"	0.05	13	0	9.91	0.1	15.31	138.41	6.32
58345	"summer"	0	5.7	0	5.4	0	8.7	236.55	9.88
58345	"autumn"	0	10.78	0	10.3	0	12.53	172.49	6.21
58362	"winter"	0.05	8.5	0	9.3	0	11.01	43.22	7.12
58362	"spring"	0.05	12.2	0	10.01	0	14.3	144	8.33
58362	"summer"	0	5.6	0	5.7	0	8	251.47	15.34
58362	"autumn"	0	11.11	0	10.19	0	12.28	345.69	8.67
58424	"winter"	0	7.61	0	7.82	0	9.71	92.34	9.97
58424	"spring"	0	12.25	0	11.54	0.1	13.41	216.04	11.02
58424	"summer"	0	5.85	0	5.3	0	7.4	345.38	10.77
58424	"autumn"	0	12.23	0	11.83	0	12.34	173.24	9.26
58437	"winter"	0.05	11.89	0.1	12.97	0	11.8	129.88	14.35
58437	"spring"	0.05	11.52	0	12.1	0	11.11	179.89	13.57
58437	"summer"	0	4.35	0	4.8	0	5.9	362.6	17.23
58437	"autumn"	0.05	11.25	0	12.04	0	11.6	193.79	19.28
58457	"winter"	0.05	7.95	0	8.08	0	11.26	54.17	6.56
58457	"spring"	0.05	11.3	0	10.01	0.1	15.4	87.24	6.29
58457	"summer"	0	5.9	0	5.1	0	9.2	205.34	11.08
58457	"autumn"	0	10.59	0	9.97	0	13.09	255.22	6.33
58472	"winter"	0.05	8.48	0	7.9	0	10.37	147.51	14.9
58472	"spring"	0.05	9.86	0	9	0	11.9	143.14	15.8
58472	"summer"	0	5.1	0	4.6	0	6.6	372.27	42.12
58472	"autumn"	0	9.03	0	8.78	0	9.41	192.15	25.38
58477	"winter"	0.05	9.45	0	8.8	0	11.75	120.34	8.19
58477	"spring"	0	10.26	0	8.83	0.1	11.7	136.43	7.77
58477	"summer"	0	5.15	0	4.6	0	7.6	322.75	13.15
58477	"autumn"	0	9.05	0	8.5	0	10.58	282.68	11.35
58506	"winter"	0.05	11.54	0	10.8	0	13.39	75.8	14.28
58506	"spring"	0.05	12.67	0	13.22	0	13.55	184.91	14.82
58506	"summer"	0	5.4	0	5.1	0	7.2	430.67	15.25
58506	"autumn"	0	11.73	0	12.49	0	13.19	311.59	15.51
58527	"winter"	0	8.45	0	8.5	0	10.7	131.86	5.56
58527	"spring"	0.05	11.95	0	10.3	0	13.3	187.98	4.42
58527	"summer"	0	5.45	0	5.1	0	8.4	333.47	6.28
58527	"autumn"	0.05	11.17	0	9.8	0	12.54	137.93	4.49
58556	"winter"	0.01	9.09	0	9.1	0	13.16	146.99	8.06
58556	"spring"	0.05	11.75	0	10.88	0.1	14.8	83.5	7.2
58556	"summer"	0	6.3	0	5.1	0	9.2	200.22	17.97
58556	"autumn"	0	10.53	0	9.23	0	13.96	246.52	7.7
58569	"winter"	0.01	8.73	0	8.11	0	11	146.31	10.68
58569	"spring"	0.05	9.75	0	8.4	0	11.11	133.2	10.96
58569	"summer"	0	5.11	0	4.9	0	6.8	214.22	40.05
58569	"autumn"	0	8.58	0	8.69	0	10.09	300.63	19.75
58606	"winter"	0.05	8.44	0	7.89	0	10.46	87.59	5.95
58606	"spring"	0.05	12.05	0	11.01	0	12.7	191.88	6.71
58606	"summer"	0	5.8	0	4.7	0	8	292.12	6.35
58606	"autumn"	0	11.92	0	10.84	0	13.13	181.22	5.73
58633	"winter"	0.05	8.47	0	9.5	0	11.4	67.21	7.35
58633	"spring"	0.05	10.65	0	9.5	0	12.9	143.38	7.4
58633	"summer"	0	5.6	0	4.9	0	9.1	198.48	8.41
58633	"autumn"	0	9.69	0	8.53	0	12.96	229.31	6.49
58646	"winter"	0.05	9.54	0	9.3	0	13.26	89.57	4.74
58646	"spring"	0.05	10.6	0	9.27	0.09	14.11	93.85	5.15
58646	"summer"	0	5.36	0	4.4	0	9.1	235.56	5.51
58646	"autumn"	0	10.18	0	8.8	0	12.71	189.38	4.23
58666	"winter"	0.05	7.91	0	6.96	0	9.8	138.64	16.65
58666	"spring"	0	8.96	0	9.8	0	9.9	150.3	14.8
58666	"summer"	0	3.9	0	4.1	0	4.9	283.71	93.27
58666	"autumn"	0	7.08	0	7.93	0	7.95	373.48	27.15
58715	"winter"	0.05	9.75	0	9.5	0	13.4	90.53	8.7
58715	"spring"	0.05	12.69	0	11.3	0.1	15.4	178.07	9
58715	"summer"	0	5.7	0	4.51	0	8.3	222.09	8.46
58715	"autumn"	0	10.77	0	9.48	0	13.23	113.46	6.57
58725	"winter"	0.05	8.45	0	10	0	12.25	121.05	4.81
58725	"spring"	0.05	10.35	0	9.1	0	13.1	221.86	4.76
58725	"summer"	0	4.6	0	3.9	0	8.6	221.24	3.3
58725	"autumn"	0	8.92	0	9.43	0	11.23	120.22	3.47
58730	"winter"	0.05	7.95	0	9.28	0	10.6	93.45	4.93
58730	"spring"	0.04	9.44	0	8.72	0	12	157.47	3.62
58730	"summer"	0	4.65	0	4.01	0	8.01	341.24	5.06
58730	"autumn"	0	7.74	0	8.63	0	10.22	123.81	5.31
58731	"winter"	0.05	8.88	0	9.57	0	12.4	84.3	6.03
58731	"spring"	0.05	10.71	0	9.64	0	12.71	159.37	6.52
58731	"summer"	0	4.9	0	4.1	0	8.61	282.75	9
58731	"autumn"	0	8.88	0	8.69	0	11.75	124.43	6.9
58754	"winter"	0.05	8.13	0	8.5	0	12.01	130.74	3.67
58754	"spring"	0.05	8.56	0	8.36	0	12.2	128.48	3.32
58754	"summer"	0	5.16	0	4.4	0	8	338.94	11.53
58754	"autumn"	0	8.02	0	8.4	0	10.23	346.69	9.66
58813	"winter"	0	9.6	0	10.2	0	14.06	73.4	5.06
58813	"spring"	0.05	12.01	0	10.31	0.1	14.4	224.81	5.45
58813	"summer"	0	4.95	0	3.9	0	8.2	303.48	4.49
58813	"autumn"	0	10.72	0	9.86	0	12.5	209.5	4.54
58834	"winter"	0.05	8.31	0	8.5	0.1	10.75	98.99	3.5
58834	"spring"	0.05	10.06	0	7.9	0.1	12.7	197.47	3.73
58834	"summer"	0	5	0	3.9	0	8.3	232.74	5.77
58834	"autumn"	0	7.86	0	7.23	0	11	161.14	4.93
58847	"winter"	0.05	8.08	0	6.8	0.1	11.8	123.85	10.38
58847	"spring"	0.05	10.7	0	8.5	0	14.4	197.67	6.24
58847	"summer"	0	5.45	0	4.6	0	8.5	286.41	12.51
58847	"autumn"	0	7.42	0	6.63	0	9.95	325.44	9.94
58911	"winter"	0.05	10.24	0	9.8	0.04	13.66	106.41	5.33
58911	"spring"	0.05	10.61	0	9.9	0	13.1	179.98	4.29
58911	"summer"	0	3.8	0	3.9	0	7.3	252.7	8.97
58911	"autumn"	0	8.69	0	9.7	0	10.95	100.31	6.62
58921	"winter"	0.05	10.03	0	9.36	0.05	12.35	89.92	5.11
58921	"spring"	0	10.51	0	8.7	0	13.1	173.89	4.85
58921	"summer"	0	4.65	0	3.6	0	8.3	215.33	4.2
58921	"autumn"	0	7.75	0	7.67	0	10.53	188.84	4.24
58931	"winter"	0.05	10.01	0	10.5	0	10.76	192.77	19.5
58931	"spring"	0.05	8.77	0	9.9	0	9	151.88	21.99
58931	"summer"	0	3.77	0	3.5	0	6.1	326.13	28.35
58931	"autumn"	0	7.82	0	7.94	0	8.6	187.13	25.19
58944	"winter"	0	6.95	0	6	0	9.6	170.59	8.75
58944	"spring"	0.05	9.76	0	7.8	0.09	12.21	156.12	8.53
58944	"summer"	0	3.9	0	4	0	5.4	363.27	15.22
58944	"autumn"	0	6.12	0	6.41	0	7	212.78	11.16
58968	"winter"	0	6.55	0	5.3	0	10.6	214.88	8.48
58968	"spring"	0.02	8.45	0	6.27	0	12.5	219.55	8.69
58968	"summer"	0	4.65	0	3.3	0	8.1	393.48	9.75
58968	"autumn"	0	6.13	0	4.97	0	8.87	516.87	10.47
59007	"winter"	0.05	10.06	0	7.57	0.1	16.46	113.07	6.96
59007	"spring"	0.05	9.8	0	8.86	0	14.62	184.7	6.47
59007	"summer"	0	5.21	0	3.8	0	8.5	152.85	6.29
59007	"autumn"	0	8.09	0	7	0	11.6	79.95	7.98
59023	"winter"	0	9.65	0	8.55	0.05	11.15	63.69	4.7
59023	"spring"	0.05	9.91	0	9.7	0.1	11.81	176.05	5.08
59023	"summer"	0	4.85	0	3.9	0	7.9	202.48	3.58
59023	"autumn"	0	9.96	0	8.88	0	11.12	196.47	4.33
59046	"winter"	0.05	10.19	0	9.76	0	12.31	146.39	7.05
59046	"spring"	0.05	10.99	0	10.3	0	12.8	189.74	7.5
59046	"summer"	0	5.26	0	4.31	0	7.4	281.12	6.68
59046	"autumn"	0	9.8	0	9.2	0	11.4	169.98	8.2
59058	"winter"	0.02	9.1	0	9.16	0	11.46	145.22	5.8
59058	"spring"	0.05	10.6	0	9.01	0	12.41	224.21	5.33
59058	"summer"	0	4.51	0	3.31	0	7.8	282.69	4.24
59058	"autumn"	0	9.39	0	8.2	0	10.49	192.77	5.77
59072	"winter"	0.05	10.2	0	9.7	0	13.06	112.73	6.84
59072	"spring"	0.05	10.46	0	9.35	0	13.2	162.27	5.59
59072	"summer"	0	4.7	0	3.51	0	8.4	276.29	4.25
59072	"autumn"	0	10	0	9.2	0	12.03	176.4	6.56
59082	"winter"	0.05	9.9	0	9.93	0	12.31	115.14	7.95
59082	"spring"	0.05	10.06	0	9.8	0	12	192.7	7.42
59082	"summer"	0	4.5	0	4	0	7.6	201.8	6.87
59082	"autumn"	0	8.56	0	8.63	0	10.85	185.85	8.38
59087	"winter"	0.05	8.78	0	9.5	0	11.31	143.62	6.48
59087	"spring"	0.05	8.58	0	8.61	0	11.11	297.78	5.72
59087	"summer"	0	4.15	0	3.9	0	6.81	312.03	5.58
59087	"autumn"	0	7.65	0	7.93	0	9.73	181.41	6.07
59096	"winter"	0.05	9.82	0	9.5	0	12.5	142.17	9.62
59096	"spring"	0.05	9.55	0	8.8	0	11.4	197.29	6.32
59096	"summer"	0	4.25	0	3.5	0	7.5	223.37	5.45
59096	"autumn"	0	8.25	0	7.83	0	10.25	183.06	8.45
59102	"winter"	0.05	9.9	0	9.38	0	13.36	101.19	5.35
59102	"spring"	0.05	10.16	0	9.11	0	12.51	134.01	4.65
59102	"summer"	0	4	0	3.8	0	7.2	243.7	6.16
59102	"autumn"	0	8.29	0	9.03	0	11.08	162.17	5.04
59117	"winter"	0	9.23	0	8.9	0	12.1	156.32	4.93
59117	"spring"	0.05	8.5	0	7.8	0	10.8	173.41	3.63
59117	"summer"	0	4.4	0	3.5	0	7.4	197.42	4.08
59117	"autumn"	0	7.78	0	7.83	0	10.03	188.02	6.03
59134	"winter"	0.05	7.03	0	6.2	0	9.85	170.51	6.41
59134	"spring"	0.05	9.1	0	7.51	0	11.51	218.2	6.46
59134	"summer"	0	4.9	0	4.1	0	7	387.64	10.01
59134	"autumn"	0	6.06	0	6.13	0	8.13	311.41	11.21
59209	"winter"	0.05	9.28	0	8.8	0	12.1	244.97	6.18
59209	"spring"	0.05	10.1	0	8.7	0	12.51	143.46	6.78
59209	"summer"	0	4.45	0	4.01	0	7.4	177	5.38
59209	"autumn"	0	8.35	0	7.4	0	10.16	176.41	5.35
59211	"winter"	0.05	8.76	0	7.8	0	12.75	114.05	3.92
59211	"spring"	0.05	8.65	0	7.6	0	12.2	195.25	4.61
59211	"summer"	0	5.05	0	4	0	8	204.55	4.41
59211	"autumn"	0	7.7	0	7.13	0	10.1	176.84	4.1
59254	"winter"	0.05	8.56	0	9.26	0	10.36	179.67	5.52
59254	"spring"	0	8.85	0	8.06	0	10.51	270.45	9.24
59254	"summer"	0	4.7	0	3.5	0	7.2	246.47	16.61
59254	"autumn"	0	8.13	0	7.39	0	9.5	220.71	11.4
59265	"winter"	0	10.36	0	10.11	0	12.3	99.1	6.19
59265	"spring"	0	10.45	0	9.2	0	11.7	181.04	5.48
59265	"summer"	0	4.55	0	3.3	0	7.1	260.31	7.22
59265	"autumn"	0	8.91	0	7.63	0	10.48	185.27	9.22
59278	"winter"	0	8.53	0	8.9	0	9.9	143.61	7.28
59278	"spring"	0.05	8.48	0	7.8	0	10.2	244.7	6.88
59278	"summer"	0	4.35	0	3.8	0	6.8	220.47	14.22
59278	"autumn"	0	6.79	0	6.95	0	8.63	201.77	10.57
59287	"winter"	0.05	9.14	0	8.86	0	10.75	149.45	8.63
59287	"spring"	0	9.25	0	8.8	0	10.4	302.77	7.82
59287	"summer"	0	4.5	0	3.8	0	7.1	264.74	7.76
59287	"autumn"	0	7.28	0	7.3	0	8.36	307.5	8.93
59293	"winter"	0.05	9.69	0	9.11	0	12.51	189.67	8.21
59293	"spring"	0.05	9.3	0	8.5	0	10.9	228.46	8.67
59293	"summer"	0	4.3	0	3.6	0	7.3	292.91	6.13
59293	"autumn"	0	7.88	0	7.6	0	9.75	276.07	8.89
59316	"winter"	0	6.81	0	7	0	9.4	283.38	5.22
59316	"spring"	0.05	8.2	0	7.3	0	10.21	309.32	6
59316	"summer"	0	4	0	3.51	0	5.8	360.38	6.58
59316	"autumn"	0	6.53	0	6.35	0	7.6	172.37	6.4
59358	"winter"	0	6.37	0	5.9	0	8.5	169.54	14.67
59358	"spring"	0	7.75	0	6.66	0	9.97	306.75	9.02
59358	"summer"	0	3.85	0	2.9	0	6.4	446.34	15.38
59358	"autumn"	0	4.6	0	5.19	0	6.1	506.76	20.66
59417	"winter"	0	8.5	0	8.55	0	11.41	97.39	4.75
59417	"spring"	0	8.41	0	7.41	0	11.6	143.22	4.4
59417	"summer"	0	5.15	0	3.3	0	8.2	192.38	4.53
59417	"autumn"	0	7.68	0	7.33	0	9.96	184.82	3.85
59431	"winter"	0.05	9.75	0	9.71	0	11.8	95.16	6.63
59431	"spring"	0.05	9.85	0	8.4	0	11.9	139.11	5.44
59431	"summer"	0	4.7	0	3.7	0	7.3	234	7.12
59431	"autumn"	0	8.47	0	7.85	0	10.93	322.29	5.88
59456	"winter"	0	9.73	0	9.4	0	12.06	137.13	7.16
59456	"spring"	0.05	9.55	0	8.41	0	10.42	246.87	6.96
59456	"summer"	0	4.05	0	3.2	0	6.6	227.99	6.24
59456	"autumn"	0	7.14	0	6.93	0	8.6	226.79	6.81
59493	"winter"	0.05	8.16	0	8.3	0	9.4	165.96	6.25
59493	"spring"	0.05	8.16	0	7.6	0	9.2	317.29	7.25
59493	"summer"	0	4.15	0	4.1	0	5.6	353.58	7.18
59493	"autumn"	0	6.84	0	7.03	0	8	278.87	8.88
59501	"winter"	0.05	7.47	0	7.46	0	8.91	144.62	7.12
59501	"spring"	0	7.05	0	6.9	0	7.81	280.64	7.06
59501	"summer"	0	3.7	0	3.6	0	5.3	379.41	9.22
59501	"autumn"	0	6.6	0	6.65	0	7.2	407.38	14.14
59559	"winter"	0	4.42	0	4.58	0	6.5	203.76	24.25
59559	"spring"	0	5.17	0	4.7	0	7.57	288.71	12.48
59559	"summer"	0	3.3	0	2.9	0	5.9	595.3	13.67
59559	"autumn"	0	3.39	0	3.6	0	5.45	551.73	20.58
59632	"winter"	0	10.06	0	9.8	0	12.06	75.77	7.83
59632	"spring"	0	9.82	0	9.5	0	11.21	192.63	7.37
59632	"summer"	0	4.45	0	4.3	0	6.6	402.23	7.92
59632	"autumn"	0	8.22	0	7.93	0	9.7	314.36	9.41
59644	"winter"	0	9.91	0	9.8	0	11.46	177.61	10.66
59644	"spring"	0	10.35	0	9.21	0	11.6	205.58	10.32
59644	"summer"	0	4.25	0	5	0	5.2	399.83	13.93
59644	"autumn"	0	8.53	0	7.73	0	9.08	499.39	10.79
59658	"winter"	0	8.4	0	9	0	9.7	141.16	8.02
59658	"spring"	0	8.61	0	8.6	0	10.4	317.38	8.37
59658	"summer"	0	4.05	0	4.1	0	6	323.13	12.59
59658	"autumn"	0	6.5	0	6.33	0	7.53	291.48	18.01
59663	"winter"	0.05	8.38	0	8.86	0	9.7	192.35	8.86
59663	"spring"	0	8.05	0	8.7	0	9.5	576.28	9.39
59663	"summer"	0	4.1	0	4.1	0	6.2	407.76	18.34
59663	"autumn"	0	7.01	0	6.73	0	7.5	373.98	17.95
59673	"winter"	0	8.31	0	8.16	0	9.3	163.55	19.81
59673	"spring"	0.05	7.96	0	8.21	0	9.31	421.16	18.67
59673	"summer"	0	4.1	0	4.2	0	5.1	453.08	16.4
59673	"autumn"	0	6.52	0	6.53	0	7.5	417.86	18.31
59758	"winter"	0	8.03	0	7.7	0	9.9	91.08	7.8
59758	"spring"	0	8.75	0	6.81	0	11.1	207.9	9.6
59758	"summer"	0	3.6	0	3.5	0	5.7	451.97	11.08
59758	"autumn"	0	5.7	0	4.8	0	7.33	479.3	15.73
59838	"winter"	0	6.93	0	6.11	0	8.5	108.26	11.09
59838	"spring"	0	7.1	0	6.7	0	8	197.38	10.04
59838	"summer"	0	3.5	0	4.6	0	3.8	549.7	14.56
59838	"autumn"	0	5.01	0	4.9	0	6.35	422.07	24.21
59845	"winter"	0	9.63	0	8	0	12.45	116.94	5.08
59845	"spring"	0	9.46	0	7.11	0	12.3	197.56	6.86
59845	"summer"	0	3.9	0	3	0	6.5	329.24	7.98
59845	"autumn"	0	6.31	0	4.8	0	8.4	467.09	9.3
59855	"winter"	0	7.64	0	7.51	0	9.4	331.84	6.34
59855	"spring"	0	7.75	0	6.5	0	10.2	228.35	5.68
59855	"summer"	0	3.65	0	3.1	0	6	258.04	8.36
59855	"autumn"	0	5.22	0	4.24	0	7.23	417.48	11.94
59948	"winter"	0	5.16	0	5.7	0	5.47	138.74	13.73
59948	"spring"	0	5.35	0	5.29	0	5.9	134.05	12.52
59948	"summer"	0	3.15	0	3.1	0	4.5	320.84	14.09
59948	"autumn"	0	3.45	0	3.81	0	5.1	501.24	21.44
